9.2 7.4 -141.1701750950296
9.1 7.3 45.0
9.0 7.3 0.0
8.9 7.3 0.0
8.8 7.2 45.0
8.7 7.2 0.0
8.6 7.1 45.0
8.5 7.1 0.0
8.4 7.0 45.0
8.3 7.0 0.0
8.2 6.9 45.0
8.1 6.8 45.0
8.0 6.7 45.0
7.9 6.6 45.0
7.8 6.5 45.0
7.7 6.4 45.0
7.7 6.3 90.0
7.7 6.2 90.0
7.7 6.1 90.0
7.7 6.0 90.0
7.7 5.9 90.0
7.7 5.8 90.0
7.7 5.7 90.0
7.7 5.6 90.0
7.7 5.5 90.0
7.7 5.4 90.0
7.7 5.3 90.0
7.7 5.2 90.0
7.7 5.1 90.0
7.7 5.0 90.0
7.7 4.9 90.0
7.7 4.8 90.0
7.6 4.7 45.0
7.5 4.6 45.0
7.4 4.5 45.0
7.3 4.4 45.0
7.2 4.3 45.0
7.1 4.2 45.0
7.0 4.1 45.0
6.9 4.0 45.0
6.8 3.9 45.0
6.7 3.8 45.0
6.6 3.7 45.0
6.5 3.6 45.0
6.4 3.5 45.0
6.3 3.4 45.0
6.2 3.3 45.0
6.1 3.2 45.0
6.0 3.1 45.0
6.0 3.0 90.0
5.9 2.9 45.0
5.8 2.8 45.0
5.8 2.7 90.0
5.7 2.6 45.0
5.6 2.5 45.0
5.5 2.4 45.0
5.4 2.3 45.0
5.3 2.2 45.0
5.2 2.1 45.0
5.1 2.0 45.0
5.0 1.9 45.0
4.9 1.8 45.0
4.8 1.7 45.0
4.7 1.6 45.0
4.6 1.5 45.0
4.5 1.4 45.0
4.4 1.3 45.0
4.3 1.2 45.0
4.2 1.1 45.0
4.1 1.0 45.0
4.0 1.0 0.0
3.9 0.9 45.0
3.8 0.8 45.0
3.7 0.8 0.0
3.6 0.7 45.0
3.5 0.7 0.0
3.4 0.7 0.0
3.3 0.7 0.0
3.2 0.7 0.0
3.1 0.7 0.0
3.0 0.7 0.0
2.9 0.7 0.0
2.8 0.7 0.0
2.7 0.7 0.0
2.6 0.7 0.0
2.5 0.8 -45.0
2.4 0.8 0.0
2.3 0.8 0.0
2.2 0.8 0.0
2.1 0.8 0.0
2.0 0.8 0.0
1.9 0.8 0.0
1.8 0.8 0.0
1.7 0.8 0.0
1.6 0.8 0.0
1.5 0.8 0.0
1.4 0.8 0.0
1.3 0.8 0.0
1.2 0.8 0.0
1.1 0.8 0.0
1.0 0.8 0.0
